Kp=800;
Ki=40;
b=500;
m=1000;
u=500;